0 nan
50 -3.05889
100 -3.32193
150 -3.32193
200 -3.32193
250 -3.38082
300 -3.42146
350 -3.40682
400 -3.35845
450 -3.35435
500 -3.38082
550 -3.32193
600 -3.34618
650 -3.3443
700 -3.34269
750 -3.34129
800 -3.32193
850 -3.339
900 -3.33805
950 -3.30682
1000 -3.30757
1050 -3.30825
1100 -3.29593
1150 -2.92901
1200 -3.29808
1250 -3.31043
1300 -3.28901
1350 -3.29022
1400 -3.29134
1450 -3.27302
1500 -3.27462
1550 -3.27612
1600 -3.27753
1650 -3.27886
1700 -3.27189
1750 -3.27329
1800 -3.26689
1850 -3.27588
1900 -3.27707
1950 -2.78971
2000 -2.52699
2050 -3.24652
2100 -3.12928
2150 -2.42626
2200 -2.63976
2250 -3.23484
2300 -3.25453
2350 -3.25008
2400 -3.25154
2450 -3.06381
2500 -3.24879
2550 -3.24482
2600 -3.25154
2650 -3.24766
2700 -3.08133
2750 -2.68375
2800 -3.25154
2850 -3.24313
2900 -3.24445
2950 -3.25037
3000 -3.25154
3050 -3.24816
3100 -2.53196
3150 -2.43874
3200 -2.50175
3250 -2.78971
3300 -3.14909
3350 -3.0697
3400 -3.12029
3450 -3.02106
3500 -2.99835
3550 -3.13897
3600 -3.19173
3650 -3.20069
3700 -3.06541
3750 -2.85587
3800 -3.02142
3850 -3.20328
3900 -2.92644
3950 -3.09277
4000 -3.07704
4050 -3.19907
4100 -3.20051
4150 -3.20191
4200 -3.19697
4250 -3.19838
4300 -3.19976
4350 -3.19502
4400 -3.19941
4450 -3.20371
4500 -3.19613
4550 -3.20037
4600 -3.20163
4650 -3.08762
4700 -3.19845
4750 -3.1969
4800 -3.1954
4850 -3.18037
4900 -3.02734
4950 -2.81378
5000 -2.80591
5050 -2.98014
5100 -2.98313
5150 -2.96841
5200 -2.96059
5250 -3.19068
5300 -3.19436
5350 -3.18565
5400 -3.17233
5450 -3.18804
5500 -3.1916
5550 -3.0962
5600 -3.19618
5650 -3.18095
5700 -3.19366
5750 -3.19014
5800 -3.12897
5850 -3.19229
5900 -3.18888
5950 -3.18112
6000 -3.18661
6050 -3.18334
6100 -3.10292
6150 -3.02032
6200 -3.04538
6250 -3.03599
6300 -3.17405
6350 -3.18546
6400 -2.8365
6450 -3.17935
6500 -3.17237
6550 -2.95277
6600 -3.19439
6650 -3.19531
6700 -3.19031
6750 -3.18151
6800 -3.1825
6850 -3.19692
6900 -3.19396
6950 -3.19484
7000 -3.19194
7050 -3.19095
7100 -3.19183
7150 -3.19455
7200 -3.07063
7250 -3.14605
7300 -2.9929
7350 -3.17819
7400 -3.16157
7450 -2.98191
7500 -3.23786
7550 -3.2348
7600 -3.23001
7650 -3.23236
7700 -3.04801
7750 -3.22824
7800 -3.22709
7850 -3.03761
7900 -3.03924
7950 -3.21359
8000 -3.21591
8050 -3.21488
8100 -3.21718
8150 -2.72932
8200 -2.80665
8250 -3.20605
8300 -3.08964
8350 -3.01633
8400 -3.2144
8450 -3.22137
8500 -3.15087
8550 -3.21309
8600 -3.21993
8650 -3.14185
8700 -3.21643
8750 -3.21855
8800 -3.17107
8850 -3.21664
8900 -3.2127
8950 -3.21478
9000 -2.90089
9050 -3.05757
9100 -3.04052
9150 -3.21119
9200 -3.042
9250 -3.22979
9300 -3.23027
9350 -3.22785
9400 -3.23122
9450 -3.23168
9500 -3.22929
9550 -2.77317
9600 -3.19127
9650 -3.23069
9700 -3.23114
9750 -2.97972
9800 -3.19922
9850 -2.99444
9900 -3.23429
9950 -2.96194
