0 inf
50 -2.47393
100 -2.47393
150 -2.52838
200 -2.59946
250 -2.53952
300 -2.55639
350 -2.54432
400 -2.53533
450 -2.56585
500 -2.53952
550 -2.53343
600 -2.54232
650 -2.52412
700 -2.52047
750 -2.50635
800 -2.51457
850 -2.51215
900 -2.51916
950 -2.50808
1000 -2.50635
1050 -2.50479
1100 -2.50337
1150 -2.50208
1200 -2.074
1250 -2.4933
1300 -2.27821
1350 -2.52223
1400 -2.53832
1450 -2.47947
1500 -2.4686
1550 -2.4585
1600 -2.46893
1650 -2.46908
1700 -2.52675
1750 -2.57838
1800 -2.58016
1850 -2.57719
1900 -2.51241
1950 -2.58496
2000 -2.59074
2050 -2.57514
2100 -2.58496
2150 -2.19668
2200 -2.25154
2250 -2.53208
2300 -2.52717
2350 -2.57639
2400 -2.57777
2450 -2.57557
2500 -2.44222
2550 -2.28011
2600 -2.44645
2650 -2.5138
2700 -2.49486
2750 -2.51532
2800 -2.46822
2850 -2.52255
2900 -2.5711
2950 -2.57521
3000 -2.57347
3050 -2.56616
3100 -2.56739
3150 -2.56585
3200 -2.56971
3250 -2.57876
3300 -2.57973
3350 -2.58066
3400 -2.57903
3450 -2.57995
3500 -2.57592
3550 -2.4251
3600 -2.57299
3650 -2.53906
3700 -2.57486
3750 -2.55075
3800 -2.57663
3850 -2.57525
3900 -2.57611
3950 -2.57695
4000 -2.54162
4050 -2.32907
4100 -2.43155
4150 -2.54519
4200 -2.41595
4250 -2.4891
4300 -2.55442
4350 -2.5652
4400 -2.56801
4450 -2.56884
4500 -2.56775
4550 -2.57422
4600 -2.56937
4650 -2.57199
4700 -2.55639
4750 -2.53423
4800 -2.48567
4850 -2.55727
4900 -2.49204
4950 -2.57104
5000 -2.553
5050 -2.46129
5100 -2.55141
5150 -2.56881
5200 -2.51141
5250 -2.56531
5300 -2.46639
5350 -2.5477
5400 -2.56427
5450 -2.44337
5500 -2.48711
5550 -2.41037
5600 -2.4358
5650 -2.46263
5700 -2.42826
5750 -2.41253
5800 -2.41172
5850 -2.40309
5900 -2.41536
5950 -2.38512
6000 -2.44615
6050 -2.40033
6100 -2.46346
6150 -2.47003
6200 -2.45085
6250 -2.41982
6300 -2.40925
6350 -2.41701
6400 -2.31855
6450 -2.40124
6500 -2.435
6550 -2.43768
6600 -2.46063
6650 -2.46193
6700 -2.48957
6750 -2.53828
6800 -2.45287
6850 -2.54344
6900 -2.55762
6950 -2.55213
7000 -2.56979
7050 -2.56909
7100 -2.56238
7150 -2.54281
7200 -2.54232
7250 -2.48949
7300 -2.56572
7350 -2.58379
7400 -2.58301
7450 -2.58458
7500 -2.58496
7550 -2.58764
7600 -2.588
7650 -2.54369
7700 -2.58871
7750 -2.58683
7800 -2.58607
7850 -2.59086
7900 -2.5846
7950 -2.58714
8000 -2.59292
8050 -2.58999
8100 -2.59139
8150 -2.60027
8200 -2.60053
8250 -2.59444
8300 -2.59473
8350 -2.60234
8400 -2.59323
8450 -2.60076
8500 -2.60101
8550 -2.60125
8600 -2.60048
8650 -2.60478
8700 -2.605
8750 -2.60723
8800 -2.60643
8850 -2.60664
8900 -2.60586
8950 -2.60607
9000 -2.6053
9050 -2.60843
9100 -2.60765
9150 -2.60977
9200 -2.60995
9250 -2.61014
9300 -2.60937
9350 -2.61049
9400 -2.44523
9450 -2.60991
9500 -2.6138
9550 -2.61395
9600 -2.61227
9650 -2.61335
9700 -2.59451
9750 -2.61547
9800 -2.61381
9850 -2.61665
9900 -2.61768
9950 -2.61781
