0 nan
50 -2.47393
100 -1.64386
150 -1.09954
200 -0.701342
250 -0.388355
300 -0.130787
350 0.0879477
400 0.275007
450 0.443607
500 0.594549
550 0.731183
600 0.854661
650 0.971986
700 1.07431
750 1.25741
800 1.28762
850 1.35216
900 1.4377
950 1.57633
1000 1.58736
1050 1.65775
1100 1.72643
1150 1.82587
1200 1.85133
1250 1.95039
1300 1.96802
1350 2.12727
1400 2.07235
1450 2.17125
1500 2.27182
1550 2.23662
1600 2.29186
1650 2.33273
1700 2.40791
1750 2.44103
1800 2.45447
1850 2.48543
1900 2.54999
1950 2.61534
2000 2.62515
2050 2.63816
2100 2.69281
2150 2.74616
2200 2.76389
2250 2.7978
2300 2.83742
2350 2.89225
2400 2.89304
2450 2.98051
2500 2.94733
2550 2.95933
2600 3.00367
2650 3.06779
2700 3.08009
2750 3.57751
2800 3.1494
2850 3.15897
2900 3.15509
2950 3.18248
3000 3.21018
3050 3.22398
3100 3.25272
3150 3.3217
3200 3.35786
3250 3.31957
3300 3.33412
3350 3.36962
3400 3.386
3450 3.45001
3500 3.48881
3550 3.44035
3600 3.52286
3650 3.48398
3700 3.49794
3750 3.53983
3800 3.58056
3850 3.56376
3900 3.59565
3950 3.62506
4000 3.65741
4050 3.71318
4100 3.72153
4150 3.68449
4200 3.70582
4250 3.70682
4300 3.71582
4350 3.75292
4400 3.76823
4450 3.84369
4500 3.79639
4550 3.79947
4600 3.8283
4650 3.84139
4700 3.8584
4750 3.87659
4800 3.89257
4850 3.95669
4900 3.91786
4950 3.9265
5000 3.93678
5050 3.95396
5100 3.97408
5150 4.0039
5200 4.0048
5250 4.03703
5300 4.03025
5350 4.06429
5400 4.05182
5450 4.09182
5500 4.10145
5550 4.10862
5600 4.10174
5650 4.11572
5700 4.14208
5750 4.15141
5800 4.15154
5850 4.17288
5900 4.18129
5950 4.19782
6000 4.24037
6050 4.23655
6100 4.2429
6150 4.24199
6200 4.25366
6250 4.26945
6300 4.27521
6350 4.3339
6400 4.30116
6450 4.3256
6500 4.32353
6550 4.45973
6600 4.35246
6650 4.34808
6700 4.40764
6750 4.40895
6800 4.38976
6850 4.46017
6900 4.41164
6950 4.43833
7000 4.45477
7050 4.45422
7100 4.4472
7150 4.4566
7200 4.47111
7250 4.52232
7300 4.48746
7350 4.54676
7400 4.52343
7450 4.59961
7500 4.60567
7550 4.66213
7600 4.67553
7650 4.65829
7700 4.596
7750 4.57362
7800 4.65386
7850 4.6375
7900 4.63871
7950 4.61944
8000 4.62407
8050 4.6348
8100 4.68153
8150 4.67856
8200 4.68271
8250 4.70907
8300 4.67471
8350 4.68787
8400 4.70441
8450 4.73654
8500 4.71091
8550 4.72969
8600 4.79637
8650 4.77243
8700 4.79186
8750 4.74701
8800 4.76771
8850 4.79468
8900 4.7796
8950 4.81727
9000 4.78798
9050 4.80795
9100 4.82583
9150 4.82745
9200 4.82556
9250 4.83581
9300 4.94361
9350 4.91034
9400 4.9382
9450 4.93545
9500 4.90373
9550 4.9166
9600 4.92126
9650 4.90348
9700 4.91591
9750 4.91634
9800 4.91406
9850 4.92845
9900 4.99226
9950 4.96825
