0 nan
50 -2.32193
100 -1.59946
150 -1.01937
200 -0.632629
250 -0.314733
300 -0.0639118
350 0.156119
400 0.347666
450 0.512648
500 0.667211
550 0.808104
600 1.00839
650 1.04157
700 1.22475
750 1.29317
800 1.44095
850 1.57816
900 1.60302
950 1.65318
1000 1.72683
1050 1.82258
1100 1.94622
1150 1.94925
1200 2.02029
1250 2.3122
1300 2.17878
1350 2.30278
1400 2.22077
1450 2.20552
1500 2.35351
1550 2.27462
1600 2.40327
1650 2.37834
1700 2.51942
1750 2.63346
1800 2.66372
1850 2.65622
1900 2.65463
1950 2.72067
2000 2.78816
2050 2.71219
2100 2.90285
2150 2.83949
2200 2.89856
2250 2.89401
2300 2.96323
2350 2.93935
2400 3.01673
2450 3.01676
2500 3.11763
2550 3.04587
2600 3.08616
2650 3.17186
2700 3.57486
2750 3.26931
2800 3.29965
2850 3.34303
2900 3.25644
2950 3.35447
3000 3.24504
3050 3.25889
3100 3.36597
3150 3.4075
3200 3.5245
3250 3.45531
3300 3.52944
3350 3.47385
3400 3.48281
3450 3.56418
3500 3.62504
3550 3.61453
3600 3.7877
3650 3.58404
3700 3.66325
3750 3.66078
3800 3.81714
3850 3.82806
3900 3.75847
3950 3.74721
4000 3.66798
4050 3.70148
4100 3.74476
4150 3.78999
4200 3.79484
4250 3.8051
4300 3.76479
4350 3.77283
4400 3.77909
4450 3.79028
4500 3.81053
4550 3.92136
4600 3.97824
4650 3.90586
4700 3.8697
4750 3.92798
4800 3.93095
4850 3.91809
4900 3.93523
4950 3.97373
5000 4.05532
5050 3.97417
5100 4.03001
5150 4.09082
5200 4.03758
5250 4.10573
5300 4.05575
5350 4.06853
