0 nan
50 -2.8365
100 -3.05889
150 -3.14136
200 -3.18442
250 -3.15843
300 -3.14136
350 -3.12928
400 -3.152
450 -3.11334
500 -3.13289
550 -3.10329
600 -3.12029
650 -3.11548
700 -3.09366
750 -3.1078
800 -3.08927
850 -3.10196
900 -3.08586
950 -3.09737
1000 -3.08314
1050 -3.08198
1100 -3.08092
1150 -3.0906
1200 -3.08927
1250 -3.05889
1300 -3.08691
1350 -3.08586
1400 -3.08489
1450 -3.06721
1500 -3.07501
1550 -3.07449
1600 -3.074
1650 -3.07354
1700 -3.07311
1750 -3.06578
1800 -3.07231
1850 -3.07195
1900 -3.06524
1950 -3.06507
2000 -3.07097
2050 -3.0766
2100 -3.07039
2150 -3.07012
2200 -3.05889
2250 -3.06425
2300 -3.06413
2350 -3.06402
2400 -2.39277
2450 -3.06381
2500 -3.06854
2550 -2.81246
2600 -2.90135
2650 -3.06344
2700 -3.05445
2750 -3.06766
2800 -3.05889
2850 -3.05889
2900 -3.06305
2950 -3.05889
3000 -3.05489
3050 -3.06284
3100 -3.05889
3150 -3.05508
3200 -3.05514
3250 -3.0552
3300 -3.05526
3350 -3.05531
3400 -3.05536
3450 -3.05541
3500 -3.05204
3550 -3.05889
3600 -3.05223
3650 -3.04905
3700 -2.75528
3750 -2.64867
3800 -2.9879
3850 -2.74825
3900 -2.68133
3950 -2.70208
4000 -2.83393
4050 -2.74291
4100 -2.95701
4150 -2.76151
4200 -2.73468
4250 -2.96313
4300 -2.9616
4350 -2.8628
4400 -2.90853
4450 -2.84813
4500 -3.009
4550 -2.73591
4600 -2.50564
4650 -2.56831
4700 -2.37827
4750 -2.9777
4800 -2.84944
4850 -2.62722
4900 -3.04911
4950 -3.05163
5000 -2.9771
5050 -2.84264
5100 -3.04949
5150 -3.04727
5200 -3.04738
5250 -3.04749
5300 -3.0476
5350 -3.04993
5400 -3.04339
5450 -3.04353
5500 -3.0372
5550 -3.03313
5600 -3.03547
5650 -3.03567
5700 -3.03795
5750 -3.03814
5800 -3.03831
5850 -3.03849
5900 -3.03264
5950 -3.03883
6000 -3.03702
6050 -3.0372
6100 -3.03738
6150 -3.03178
6200 -3.03581
6250 -3.02844
6300 -3.02868
6350 -3.03449
6400 -3.03099
6450 -3.03303
6500 -3.03141
6550 -3.03342
6600 -3.03183
6650 -3.03558
6700 -3.03399
6750 -3.03592
6800 -3.03261
6850 -3.0328
6900 -3.02787
6950 -3.03488
7000 -3.03167
7050 -3.03354
7100 -3.03538
7150 -3.03389
7200 -3.02915
7250 -3.03423
7300 -3.02794
7350 -3.02654
7400 -3.02517
7450 -3.0254
7500 -3.02249
7550 -3.02895
7600 -3.0276
7650 -3.0278
7700 -3.02647
7750 -3.02516
7800 -3.02839
7850 -3.02559
7900 -3.02431
7950 -3.02305
8000 -3.02767
8050 -3.02203
8100 -3.0237
8150 -3.02248
8200 -3.02699
8250 -3.02149
8300 -3.02172
8350 -3.02053
8400 -3.02076
8450 -3.0196
8500 -3.0212
8550 -2.94147
8600 -3.0162
8650 -3.01644
8700 -3.01668
8750 -3.01825
8800 -3.01981
8850 -3.01606
8900 -3.01368
8950 -3.02045
9000 -3.01547
9050 -3.00799
9100 -3.01594
9150 -3.01235
9200 -3.01767
9250 -3.01285
9300 -3.00809
9350 -3.0096
9400 -3.00862
9450 -3.00765
9500 -3.00914
9550 -3.00818
9600 -3.0145
9650 -3.00629
9700 -3.00536
9750 -3.00089
9800 -2.66238
9850 -3.00264
9900 -3.00175
9950 -2.99624
