0 inf
50 -2.47393
100 -2.8365
150 -3.05889
200 -3.12029
250 -3.01159
300 -3.05889
350 -3.05889
400 -3.02915
450 -3.05889
500 -3.08314
550 -3.05889
600 -3.05889
650 -3.02237
700 -3.04182
750 -3.02718
800 -3.0145
850 -3.04482
900 -3.0456
950 -3.04629
1000 -2.6529
1050 -2.82672
1100 -2.76344
1150 -2.60518
1200 -2.30996
1250 -2.52616
1300 -2.46778
1350 -2.31128
1400 -2.00413
1450 -2.44114
1500 -2.1976
1550 -2.00186
1600 -2.42954
1650 -2.12983
1700 -2.20776
1750 -2.70168
1800 -2.17354
1850 -2.75002
1900 -2.97292
1950 -2.96926
2000 -2.8997
2050 -2.8215
2100 -2.65247
2150 -2.80803
2200 -2.31212
2250 -2.7391
2300 -2.41923
2350 -2.75136
2400 -3
2450 -3.0059
2500 -3.00694
2550 -3.00794
2600 -3.00445
2650 -3.00545
2700 -2.99786
2750 -3.00315
2800 -3.00413
2850 -3.00101
2900 -3.00199
2950 -3.00294
3000 -3.00385
3050 -3.00095
3100 -2.99814
3150 -3.00275
3200 -3.00723
3250 -2.99027
3300 -2.99825
3350 -2.99914
3400 -3
3450 -3.00084
3500 -2.99178
3550 -2.99919
3600 -2.90089
3650 -2.71215
3700 -3.00782
3750 -2.99616
3800 -3
3850 -2.81525
3900 -2.99557
3950 -3.00219
4000 -3.00289
4050 -2.99786
4100 -2.5647
4150 -2.89736
4200 -2.89407
4250 -3.00612
4300 -2.99866
4350 -2.99934
4400 -2.86011
4450 -2.85046
4500 -2.87597
4550 -2.98423
4600 -2.77081
4650 -2.99072
4700 -2.98413
4750 -2.98489
4800 -2.98564
4850 -2.98403
4900 -2.98244
4950 -2.98089
5000 -2.98622
5050 -2.75132
5100 -2.99887
5150 -2.99944
5200 -2.99557
5250 -2.80543
5300 -2.92676
5350 -2.97381
5400 -2.91493
5450 -2.98787
5500 -2.98435
5550 -2.98089
5600 -2.98157
5650 -2.98224
5700 -2.98089
5750 -2.98353
5800 -2.98417
5850 -2.98284
5900 -2.98153
5950 -2.98025
6000 -2.98089
6050 -2.98152
6100 -2.90394
6150 -2.70832
6200 -2.83318
6250 -2.64819
6300 -2.66258
6350 -2.84627
6400 -2.79837
6450 -2.72435
6500 -2.86209
6550 -2.79617
6600 -2.95016
6650 -2.88536
6700 -2.70432
6750 -2.76067
6800 -2.54892
6850 -2.11435
6900 -2.59756
6950 -2.8529
7000 -2.95776
7050 -2.95845
7100 -2.96547
7150 -2.79951
7200 -2.53766
7250 -2.88713
7300 -2.34484
7350 -2.48488
7400 -2.35546
7450 -2.58458
7500 -2.90689
7550 -2.80011
7600 -2.73823
7650 -2.87334
7700 -2.87035
7750 -2.8647
7800 -2.89446
7850 -2.93285
7900 -2.92388
7950 -2.8653
8000 -2.9365
8050 -2.82376
8100 -2.73578
8150 -2.97438
8200 -2.96661
8250 -2.97126
8300 -2.96905
8350 -2.96551
8400 -2.96874
8450 -2.96525
8500 -2.87583
8550 -2.92857
8600 -2.90773
8650 -2.83531
8700 -2.86642
8750 -2.96578
8800 -2.9663
8850 -2.96935
8900 -2.96224
8950 -2.76902
9000 -2.96328
9050 -2.78285
9100 -2.97797
9150 -2.79105
9200 -2.96162
9250 -2.96822
9300 -2.96264
9350 -2.96073
9400 -2.96124
9450 -2.85516
9500 -2.96105
9550 -2.95684
9600 -2.96203
9650 -2.9567
9700 -2.9549
9750 -2.96232
9800 -2.99647
9850 -2.83755
9900 -2.75653
9950 -2.99161
